0.666666666666667 0.333333333333333 0.333333333333333 1 0.166666666666667 1 1 0.333333333333333 0.666666666666667 0
0 0 0 0 0 0 0 0 0.714285714285714 0.142857142857143
0.476190476190476 0 0.333333333333333 0.904761904761905 0.0476190476190476 0 0 0.476190476190476 0.142857142857143 0
0.636363636363636 0.272727272727273 0.272727272727273 0.363636363636364 0.818181818181818 0.454545454545455 0.909090909090909 1 1 0.590909090909091
1 0 1 1 1 0 1 1 1 0
1 0 0.5 1 1 0 0.666666666666667 1 1 0
0 0 0 0 0 0 0 0 0.333333333333333 0
0.4 0 0 0.5 0 0 0 0.4 0.7 0
0.666666666666667 0 0 0.333333333333333 0.5 0.166666666666667 0.0833333333333333 0.333333333333333 0.416666666666667 0.0833333333333333
1 0.75 0.75 0.875 1 0 0.375 1 0.5 0
0.5 0.5 1 1 0.75 0.25 0.5 1 1 0.25
0 0 0 0 0 0 0.5 0.25 0.75 0
0.526315789473684 0 0 0.473684210526316 0.421052631578947 0.0526315789473684 0.263157894736842 1 1 0
0.75 0 0 0.5 0.375 0 0.5 1 1 0.25
0.5 0.333333333333333 0.333333333333333 0.666666666666667 0.75 0 0.333333333333333 0.75 0.916666666666667 0.0833333333333333
0 0 0.0909090909090909 0.272727272727273 0.0454545454545455 0 0 0.0454545454545455 0.0454545454545455 0.181818181818182
0.888888888888889 0 0 0.5 0.722222222222222 0.222222222222222 1 0.666666666666667 0.555555555555556 0.222222222222222
1 0.333333333333333 0.333333333333333 0.333333333333333 0.666666666666667 0.666666666666667 0.666666666666667 1 1 0.666666666666667
0 0 0 0 0.857142857142857 0 0 0 0 0
1 0.666666666666667 0.666666666666667 0.666666666666667 0.666666666666667 0.666666666666667 0.666666666666667 0.333333333333333 1 0
0.6 0.8 0.4 0.8 1 0.4 0.8 1 1 0.5
0.25 0 0 0.25 0.75 0 0 0.25 0.25 0
0.869565217391304 0.130434782608696 0.521739130434783 1 1 0 0.304347826086957 1 0.782608695652174 0.0869565217391304
0.666666666666667 0.222222222222222 0.222222222222222 0.722222222222222 0.888888888888889 0.0555555555555556 0.222222222222222 1 0.833333333333333 0
0.315789473684211 0 0 0.631578947368421 0.368421052631579 0.684210526315789 0.263157894736842 0.263157894736842 0.315789473684211 0.263157894736842
0.84 0 0.8 0.72 0.2 0.68 0.92 0.36 0.84 0.16
