0.666666666666667 0 0 0 0 0 0 0.333333333333333 0.333333333333333 0
0 0 0 0 0 0 0 0 0.571428571428571 0
0.0952380952380952 0 0.333333333333333 0.904761904761905 0.0476190476190476 0 0 0.476190476190476 0.142857142857143 0
0.0909090909090909 0.272727272727273 0.272727272727273 0.363636363636364 0.454545454545455 0.0909090909090909 0.272727272727273 0.454545454545455 0.363636363636364 0
1 0 0 1 1 0 1 1 0 0
0.166666666666667 0 0.5 0.5 1 0 0.333333333333333 1 1 0
0 0 0 0 0 0 0 0 0.333333333333333 0
0.3 0 0 0.4 0 0 0 0 0.3 0
0.666666666666667 0 0 0.333333333333333 0.333333333333333 0 0 0 0.333333333333333 0
0.625 0 0 0.125 0.25 0 0.25 1 0.25 0
0.5 0.25 0.75 0.5 0.25 0 0.25 0.5 0.5 0
0 0 0 0 0 0 0.5 0.25 0 0
0 0 0 0.473684210526316 0.157894736842105 0 0 0.894736842105263 0.736842105263158 0
0.75 0 0 0.5 0.25 0 0.5 0.5 0.75 0
0.5 0.333333333333333 0.333333333333333 0.666666666666667 0.416666666666667 0 0 0.666666666666667 0.5 0
0 0 0.0454545454545455 0.227272727272727 0 0 0 0 0 0
0.722222222222222 0 0 0.277777777777778 0.444444444444444 0 0.555555555555556 0.5 0.277777777777778 0
1 0.333333333333333 0.333333333333333 0.333333333333333 0 0 0 0.333333333333333 0 0
0 0 0 0 0 0 0 0 0 0
0 0 0 0 0 0 0 0.333333333333333 1 0
0.4 0.4 0 0 0.4 0 0.4 0.6 0.2 0
0.25 0 0 0.25 0.75 0 0 0.25 0 0
0.869565217391304 0.130434782608696 0.521739130434783 0.478260869565217 1 0 0.304347826086957 0.739130434782609 0.652173913043478 0
0.666666666666667 0.222222222222222 0.222222222222222 0.333333333333333 0.5 0 0.222222222222222 0.166666666666667 0.555555555555556 0
0 0 0 0 0 0 0 0 0 0.0526315789473684
0.8 0 0.48 0.36 0.04 0 0.24 0.36 0.76 0
