0.333333333333333 0.666666666666667 0.666666666666667 0 0.833333333333333 0 0 0.666666666666667 0.333333333333333 1
1 1 1 1 1 1 1 1 0.285714285714286 0.857142857142857
0.523809523809524 1 0.666666666666667 0.0952380952380952 0.952380952380952 1 1 0.523809523809524 0.857142857142857 1
0.363636363636364 0.727272727272727 0.727272727272727 0.636363636363636 0.181818181818182 0.545454545454545 0.0909090909090909 0 0 0.409090909090909
0 1 0 0 0 1 0 0 0 1
0 1 0.5 0 0 1 0.333333333333333 0 0 1
1 1 1 1 1 1 1 1 0.666666666666667 1
0.6 1 1 0.5 1 1 1 0.6 0.3 1
0.333333333333333 1 1 0.666666666666667 0.5 0.833333333333333 0.916666666666667 0.666666666666667 0.583333333333333 0.916666666666667
0 0.25 0.25 0.125 0 1 0.625 0 0.5 1
0.5 0.5 0 0 0.25 0.75 0.5 0 0 0.75
1 1 1 1 1 1 0.5 0.75 0.25 1
0.473684210526316 1 1 0.526315789473684 0.578947368421053 0.947368421052632 0.736842105263158 0 0 1
0.25 1 1 0.5 0.625 1 0.5 0 0 0.75
0.5 0.666666666666667 0.666666666666667 0.333333333333333 0.25 1 0.666666666666667 0.25 0.0833333333333333 0.916666666666667
1 1 0.909090909090909 0.727272727272727 0.954545454545455 1 1 0.954545454545455 0.954545454545455 0.818181818181818
0.111111111111111 1 1 0.5 0.277777777777778 0.777777777777778 0 0.333333333333333 0.444444444444444 0.777777777777778
0 0.666666666666667 0.666666666666667 0.666666666666667 0.333333333333333 0.333333333333333 0.333333333333333 0 0 0.333333333333333
1 1 1 1 0.142857142857143 1 1 1 1 1
0 0.333333333333333 0.333333333333333 0.333333333333333 0.333333333333333 0.333333333333333 0.333333333333333 0.666666666666667 0 1
0.4 0.2 0.6 0.2 0 0.6 0.2 0 0 0.5
0.75 1 1 0.75 0.25 1 1 0.75 0.75 1
0.130434782608696 0.869565217391304 0.478260869565217 0 0 1 0.695652173913043 0 0.217391304347826 0.91304347826087
0.333333333333333 0.777777777777778 0.777777777777778 0.277777777777778 0.111111111111111 0.944444444444444 0.777777777777778 0 0.166666666666667 1
0.684210526315789 1 1 0.368421052631579 0.631578947368421 0.315789473684211 0.736842105263158 0.736842105263158 0.684210526315789 0.736842105263158
0.16 1 0.2 0.28 0.8 0.32 0.08 0.64 0.16 0.84
