0 0.333333333333333 0.333333333333333 1 0 1 1 0 0.333333333333333 0
0 0 0 0 0 0 0 0 0 0
0.380952380952381 0 0 0 0 0 0 0 0 0
0.545454545454545 0 0 0 0.363636363636364 0.363636363636364 0.545454545454545 0.545454545454545 0.590909090909091 0.545454545454545
0 0 1 0 0 0 0 0 1 0
0.666666666666667 0 0 0.5 0 0 0.333333333333333 0 0 0
0 0 0 0 0 0 0 0 0 0
0.1 0 0 0.1 0 0 0 0.4 0.4 0
0 0 0 0 0.0833333333333333 0 0.0833333333333333 0.333333333333333 0.0833333333333333 0.0833333333333333
0.375 0.75 0.75 0.75 0.75 0 0.125 0 0.25 0
0 0.25 0.25 0.5 0.5 0.25 0.25 0.5 0.5 0.25
0 0 0 0 0 0 0 0 0.75 0
0.473684210526316 0 0 0 0.210526315789474 0 0.263157894736842 0.105263157894737 0.263157894736842 0
0 0 0 0 0.125 0 0 0.5 0.25 0.25
0 0 0 0 0.333333333333333 0 0.25 0.0833333333333333 0.416666666666667 0.0833333333333333
0 0 0.0454545454545455 0.0454545454545455 0.0454545454545455 0 0 0.0454545454545455 0 0.0454545454545455
0.111111111111111 0 0 0.222222222222222 0.166666666666667 0.222222222222222 0.333333333333333 0.166666666666667 0.277777777777778 0.166666666666667
0 0 0 0 0.666666666666667 0.666666666666667 0.666666666666667 0.666666666666667 1 0.666666666666667
0 0 0 0 0.428571428571429 0 0 0 0 0
1 0.666666666666667 0.666666666666667 0.666666666666667 0.666666666666667 0.666666666666667 0.666666666666667 0 0 0
0.2 0.4 0.4 0.8 0.6 0.4 0.4 0.4 0.8 0.5
0 0 0 0 0 0 0 0 0.25 0
0 0 0 0.521739130434783 0 0 0 0.260869565217391 0.0869565217391304 0.0434782608695652
0 0 0 0.388888888888889 0.388888888888889 0.0555555555555556 0 0.777777777777778 0.277777777777778 0
0.315789473684211 0 0 0.578947368421053 0.315789473684211 0.578947368421053 0.263157894736842 0.263157894736842 0.263157894736842 0.210526315789474
0 0 0.32 0.36 0.08 0.68 0.64 0 0.04 0.08
