0.636363636363636 0.181818181818182 0.181818181818182 0.454545454545455 0.272727272727273 0.272727272727273 0.454545454545455 0.545454545454545 1 0.727272727272727
0.4375 0.1875 0.0625 0.5 0.25 0.0625 0.0625 0.3125 0.3125 0.0625
1 0 0.75 1 0.25 0.25 0.5 1 1 0
0.375 0 0.375 0.625 0.75 0 0.25 0.375 1 0.5
1 0.307692307692308 0.461538461538462 0.923076923076923 0.769230769230769 0 0.692307692307692 1 1 0
0 0 0 0.75 0.25 0.5 0 0 1 0
0.571428571428571 0 0.285714285714286 0.714285714285714 0.571428571428571 0.285714285714286 0.714285714285714 0.428571428571429 1 0
0 0 0.166666666666667 0.333333333333333 0.166666666666667 0.166666666666667 0.5 0.166666666666667 0.666666666666667 0.166666666666667
1 0.25 0.75 1 1 0.45 0.8 1 1 0
1 0.5 1 1 0.833333333333333 0.166666666666667 0.5 1 0.833333333333333 0.166666666666667
0.6 0.133333333333333 0.133333333333333 0.6 0.0666666666666667 0.133333333333333 0.533333333333333 0.733333333333333 1 0.133333333333333
1 0 0.266666666666667 0.733333333333333 0.866666666666667 0.0666666666666667 0.466666666666667 0.866666666666667 0.8 0
0.666666666666667 0 0.333333333333333 0.833333333333333 0.666666666666667 0.166666666666667 0.666666666666667 0.833333333333333 0.833333333333333 0.333333333333333
1 1 1 1 1 0 1 0.833333333333333 1 0
0.6 0.2 0.2 0.9 0.4 0.3 0.2 0.9 0.7 0.3
0.888888888888889 0.444444444444444 0.555555555555556 1 1 0.444444444444444 1 1 1 0.222222222222222
0.714285714285714 0 0.571428571428571 1 0.714285714285714 0.142857142857143 0.285714285714286 0.857142857142857 1 0.142857142857143
1 0.5 0.9 1 1 0.7 1 0.8 1 0.3
0.210526315789474 0.368421052631579 0.315789473684211 0.0526315789473684 0.631578947368421 0.105263157894737 0.105263157894737 0.210526315789474 0.684210526315789 0.210526315789474
1 0.428571428571429 0.428571428571429 0.857142857142857 1 0 0.857142857142857 0.857142857142857 0.857142857142857 0
0.769230769230769 0.769230769230769 0.846153846153846 0.923076923076923 1 0.153846153846154 1 1 1 0.384615384615385
1 0.333333333333333 0.5 1 0.5 0.333333333333333 1 1 1 0.333333333333333
0.363636363636364 0.0909090909090909 0.0909090909090909 0.636363636363636 0.272727272727273 0.181818181818182 0.0909090909090909 0.454545454545455 0.363636363636364 0
