0.147864169006845
0.0588354163777473
0.192584220788159
0.104772181811936
0.213146019030919
0.0693951408979004
0.14163620905061
0.103719050688567
0.276710041697939
0.259917195507715
0.099134926808813
0.161920697751788
0.220079329014917
0.17348318162062
0.399383350028478
0.146764400105075
0.29685475719945
0.177732766198961
0.348644437567369
0.113295205208128
0.219327597375158
0.318754463579939
0.33056704991783
0.0788441296806186
0.187240343597311
0.18096374118728
0.147339938779838
0.166200391488574
0.274020470884523
0.192584220788159
0.0602255128847216
0.240164314348407
0.204729271232949
0.249845726619426
