0.545454545454545 0.181818181818182 0 0 0.0909090909090909 0.181818181818182 0 0.181818181818182 0.181818181818182 0
0.1875 0.1875 0 0.375 0.1875 0 0.0625 0.0625 0.3125 0
1 0 0.75 0.25 0 0 0.25 1 0 0
0.375 0 0.375 0.125 0.75 0 0 0 0.5 0
0.615384615384615 0.0769230769230769 0.461538461538462 0.692307692307692 0.615384615384615 0 0.692307692307692 1 0.384615384615385 0
0 0 0 0.5 0 0 0 0 0.5 0
0.142857142857143 0 0.142857142857143 0 0 0 0.285714285714286 0.142857142857143 0 0
0 0 0 0.333333333333333 0.166666666666667 0 0 0.166666666666667 0.5 0
0.9 0.1 0.6 0.4 0.3 0 0.3 0.25 0.45 0
0.666666666666667 0.333333333333333 0.666666666666667 0.666666666666667 0.833333333333333 0 0.5 0 0.333333333333333 0.166666666666667
0.466666666666667 0.133333333333333 0 0.533333333333333 0 0.133333333333333 0.533333333333333 0.666666666666667 0.666666666666667 0.0666666666666667
1 0 0.0666666666666667 0.466666666666667 0.866666666666667 0 0.466666666666667 0.866666666666667 0.6 0
0.166666666666667 0 0.166666666666667 0.5 0.166666666666667 0.166666666666667 0.5 0.333333333333333 0 0.166666666666667
0.833333333333333 0 1 0 1 0 1 0 0.166666666666667 0
0.2 0 0 0.6 0.1 0 0 0.6 0.3 0.1
0 0.444444444444444 0.111111111111111 0.555555555555556 0.555555555555556 0 1 0.111111111111111 0.777777777777778 0
0.714285714285714 0 0 1 0.714285714285714 0 0.142857142857143 0.857142857142857 0 0
0.6 0.1 0.5 0.6 0.6 0 0.1 0.5 0.5 0
0.0526315789473684 0.368421052631579 0.315789473684211 0.0526315789473684 0.210526315789474 0.0526315789473684 0.0526315789473684 0.157894736842105 0.315789473684211 0.105263157894737
0.428571428571429 0.428571428571429 0.285714285714286 0.142857142857143 0.857142857142857 0 0.857142857142857 0.142857142857143 0.857142857142857 0
0.0769230769230769 0.461538461538462 0.307692307692308 0 0 0 0.692307692307692 0.615384615384615 0.461538461538462 0
0.833333333333333 0 0 0.166666666666667 0.166666666666667 0 0.5 0 0.666666666666667 0
0.0909090909090909 0 0 0.545454545454545 0.181818181818182 0 0.0909090909090909 0.363636363636364 0.0909090909090909 0
