0.363636363636364 0.818181818181818 0.818181818181818 0.545454545454545 0.727272727272727 0.727272727272727 0.545454545454545 0.454545454545455 0 0.272727272727273
0.5625 0.8125 0.9375 0.5 0.75 0.9375 0.9375 0.6875 0.6875 0.9375
0 1 0.25 0 0.75 0.75 0.5 0 0 1
0.625 1 0.625 0.375 0.25 1 0.75 0.625 0 0.5
0 0.692307692307692 0.538461538461538 0.0769230769230769 0.230769230769231 1 0.307692307692308 0 0 1
1 1 1 0.25 0.75 0.5 1 1 0 1
0.428571428571429 1 0.714285714285714 0.285714285714286 0.428571428571429 0.714285714285714 0.285714285714286 0.571428571428571 0 1
1 1 0.833333333333333 0.666666666666667 0.833333333333333 0.833333333333333 0.5 0.833333333333333 0.333333333333333 0.833333333333333
0 0.75 0.25 0 0 0.55 0.2 0 0 1
0 0.5 0 0 0.166666666666667 0.833333333333333 0.5 0 0.166666666666667 0.833333333333333
0.4 0.866666666666667 0.866666666666667 0.4 0.933333333333333 0.866666666666667 0.466666666666667 0.266666666666667 0 0.866666666666667
0 1 0.733333333333333 0.266666666666667 0.133333333333333 0.933333333333333 0.533333333333333 0.133333333333333 0.2 1
0.333333333333333 1 0.666666666666667 0.166666666666667 0.333333333333333 0.833333333333333 0.333333333333333 0.166666666666667 0.166666666666667 0.666666666666667
0 0 0 0 0 1 0 0.166666666666667 0 1
0.4 0.8 0.8 0.1 0.6 0.7 0.8 0.1 0.3 0.7
0.111111111111111 0.555555555555556 0.444444444444444 0 0 0.555555555555556 0 0 0 0.777777777777778
0.285714285714286 1 0.428571428571429 0 0.285714285714286 0.857142857142857 0.714285714285714 0.142857142857143 0 0.857142857142857
0 0.5 0.1 0 0 0.3 0 0.2 0 0.7
0.789473684210526 0.631578947368421 0.684210526315789 0.947368421052632 0.368421052631579 0.894736842105263 0.894736842105263 0.789473684210526 0.315789473684211 0.789473684210526
0 0.571428571428571 0.571428571428571 0.142857142857143 0 1 0.142857142857143 0.142857142857143 0.142857142857143 1
0.230769230769231 0.230769230769231 0.153846153846154 0.0769230769230769 0 0.846153846153846 0 0 0 0.615384615384615
0 0.666666666666667 0.5 0 0.5 0.666666666666667 0 0 0 0.666666666666667
0.636363636363636 0.909090909090909 0.909090909090909 0.363636363636364 0.727272727272727 0.818181818181818 0.909090909090909 0.545454545454545 0.636363636363636 1
