1 0.333333333333333 0.222222222222222 1 1 0 1 1 1 0
1 0.75 0 1 1 0 1 1 1 0
0.0833333333333333 0 0.166666666666667 0.5 0.5 0.0833333333333333 0.5 0.666666666666667 1 0
0.315789473684211 0 0.0526315789473684 0.526315789473684 0.631578947368421 0 0.263157894736842 0.473684210526316 0.736842105263158 0
0.75 0.05 0.05 0.75 0.9 0 0.05 0.7 0.85 0
0.5 0 0.2 0.8 0.2 0.2 0.5 1 1 0
0.6 0.2 0.4 1 0.8 0 0.5 0.8 1 0
1 0.833333333333333 1 0.666666666666667 1 0.5 1 1 0.833333333333333 0.333333333333333
0.625 0 0.75 0.25 0.625 1 0 1 1 0.5
1 0 1 1 0.25 0.5 0 1 1 1
1 0 1 1 0 0.75 0 1 1 1
1 0.1 0.7 0.5 0.6 0.45 0.25 0.8 0.9 0.05
0.717948717948718 0.0512820512820513 0.282051282051282 0.666666666666667 0.256410256410256 0.564102564102564 0.102564102564103 0.974358974358974 0.769230769230769 0.179487179487179
0.833333333333333 0 0.166666666666667 0.888888888888889 0.111111111111111 0.555555555555556 0 1 1 0.111111111111111
1 0.222222222222222 1 1 0.111111111111111 0.444444444444444 0.111111111111111 1 1 0.666666666666667
1 0.0526315789473684 0.684210526315789 0.421052631578947 0.157894736842105 0.736842105263158 0.0526315789473684 0.578947368421053 1 0.368421052631579
0.6 0.4 1 1 0.266666666666667 0.8 0.533333333333333 0.6 1 0.666666666666667
1 0 0.888888888888889 1 0 0.888888888888889 0 0.777777777777778 0.777777777777778 0.777777777777778
1 0 0.428571428571429 1 0 0.142857142857143 0 1 1 0.571428571428571
1 0.08 0.64 0.84 0.24 0.6 0.12 0.84 1 0.8
0.727272727272727 0.0909090909090909 0.727272727272727 0.727272727272727 0.454545454545455 0.636363636363636 0.0909090909090909 0.727272727272727 1 0.181818181818182
0.923076923076923 0.230769230769231 0.384615384615385 1 0.692307692307692 0.307692307692308 0.230769230769231 0.846153846153846 1 0.230769230769231
0.736842105263158 0.210526315789474 0.315789473684211 0.578947368421053 0.315789473684211 0.684210526315789 0.210526315789474 0.894736842105263 0.947368421052632 0.263157894736842
0.2 0 1 1 0.6 0 0 0.6 1 0.8
1 0.142857142857143 0.928571428571429 0.857142857142857 0.0714285714285714 0.428571428571429 0.214285714285714 0.642857142857143 0.857142857142857 0.5
1 0 0.6 1 0.1 0.1 0 1 1 0.3
1 0.333333333333333 1 0.416666666666667 0.916666666666667 0.916666666666667 0.333333333333333 0.75 0.833333333333333 0.416666666666667
0.137931034482759 0 0.206896551724138 0.137931034482759 0.793103448275862 1 0 1 0.413793103448276 0.310344827586207
0.7 0 0.3 1 0.3 0.2 0 0.85 1 0.05
0.380952380952381 0.0952380952380952 0.380952380952381 0.523809523809524 0.571428571428571 0.666666666666667 0 1 0.80952380952381 0.428571428571429
1 0.5 0.333333333333333 1 0 0.166666666666667 0.5 1 1 0.166666666666667
0.571428571428571 0 0.714285714285714 0.857142857142857 0.571428571428571 0.571428571428571 0 0.857142857142857 1 0.714285714285714
1 0.444444444444444 0.777777777777778 0.555555555555556 0.444444444444444 1 0.444444444444444 0.555555555555556 1 0.888888888888889
1 0.4 1 1 0.8 0.6 0.4 0.4 1 0.3
1 0.7 0.65 1 0.8 0.2 0.75 0.9 1 0.25
1 0.111111111111111 1 0.777777777777778 0.333333333333333 0.777777777777778 0.111111111111111 0.888888888888889 1 0.444444444444444
0.363636363636364 0 0.636363636363636 0.818181818181818 0.636363636363636 0.363636363636364 0 0.727272727272727 0.454545454545455 0
1 0.75 0.5 1 0 0 0.5 0.75 1 0
0.45 0.05 0.55 0.65 0.7 0.55 0.05 1 0.95 0.5
0.533333333333333 0 0.2 0.4 0.933333333333333 0.8 0 1 0.733333333333333 0.2
0.619047619047619 0.19047619047619 0.714285714285714 1 0.476190476190476 0.428571428571429 0.238095238095238 0.952380952380952 0.714285714285714 0.285714285714286
0.666666666666667 0.5 0.75 0.666666666666667 0.916666666666667 1 0.583333333333333 1 0.666666666666667 0.666666666666667
1 0.466666666666667 1 1 0.266666666666667 1 0.533333333333333 0.333333333333333 1 0.133333333333333
0.285714285714286 0 0.142857142857143 0.142857142857143 0.571428571428571 1 0 1 0.714285714285714 0.142857142857143
0.571428571428571 0 0.571428571428571 0.428571428571429 0.285714285714286 0.928571428571429 0 1 0.928571428571429 0.642857142857143
0.117647058823529 0.0588235294117647 0.176470588235294 0.676470588235294 0.264705882352941 0.0588235294117647 0.176470588235294 0.764705882352941 0.823529411764706 0.117647058823529
1 0.5 1 1 0.75 0.25 1 1 1 0.5
0.615384615384615 0.230769230769231 0.769230769230769 1 0.846153846153846 0.153846153846154 0.461538461538462 1 1 0
1 0 0.3 0.7 0.8 0 0.4 1 1 0
0.888888888888889 0.111111111111111 0 0.333333333333333 0.888888888888889 0.111111111111111 0.444444444444444 1 1 0
0.846153846153846 0.384615384615385 0.423076923076923 0.846153846153846 0.346153846153846 0 0.115384615384615 0.5 0.615384615384615 0.0384615384615385
0.909090909090909 0.363636363636364 0.454545454545455 0.636363636363636 0.363636363636364 0.181818181818182 0.181818181818182 0.727272727272727 1 0
0.461538461538462 0.230769230769231 0.307692307692308 1 0.461538461538462 0 0.0769230769230769 1 1 0
0.222222222222222 0 0.222222222222222 0.888888888888889 0.777777777777778 1 0.111111111111111 1 0.666666666666667 0.111111111111111
0.0526315789473684 0 0.0526315789473684 0.0526315789473684 0.736842105263158 0.894736842105263 0 1 0.0526315789473684 0
0.875 0 0.625 1 0.25 0.375 0 1 1 0.5
0.8 0 0.8 1 0.4 0.6 0 0.8 1 0.6
1 0.357142857142857 0.642857142857143 1 0.428571428571429 0.214285714285714 0.357142857142857 0.928571428571429 1 0.142857142857143
0.666666666666667 0.25 0.416666666666667 0.666666666666667 0.666666666666667 0.333333333333333 0.25 0.75 0.833333333333333 0.583333333333333
1 0 0.666666666666667 1 0.333333333333333 1 0 1 1 0.333333333333333
1 0.307692307692308 1 1 0.538461538461538 1 0.307692307692308 1 1 0.538461538461538
0.363636363636364 0 0.181818181818182 0.545454545454545 0.545454545454545 0.545454545454545 0 0.909090909090909 0.454545454545455 0.272727272727273
0.9375 0.0625 0.375 0.8125 0.46875 0.46875 0.0625 0.8125 0.5625 0.3125
0.384615384615385 0 0.153846153846154 0.461538461538462 0.615384615384615 0.846153846153846 0 1 1 0.230769230769231
0.6 0 0.7 0.6 0.7 0.2 0 0.6 1 0.2
0.5 0 0 0.8 0.7 0.1 0.2 0.9 0.6 0
1 0.4 0.7 0.6 1 0.2 0.5 1 1 0.1
1 0 1 0.5 0.5 0 0.25 1 1 0
0.5 0 0 0 0 0 0 0.0833333333333333 0.0833333333333333 0
0.857142857142857 0 0.428571428571429 1 1 0.0714285714285714 1 1 0.785714285714286 0.214285714285714
0.6 0 0 0 0 0 0 0.6 0.2 0
0.888888888888889 0.222222222222222 0.666666666666667 0.888888888888889 0.888888888888889 0 0.888888888888889 0.888888888888889 0.888888888888889 0
1 0.533333333333333 1 1 1 0.266666666666667 1 1 1 0
0 0 0 0 0 0 0 0.25 0.25 0
0.555555555555556 0 0 0.555555555555556 0.444444444444444 0 0 0.333333333333333 0.888888888888889 0.222222222222222
1 0.384615384615385 0.384615384615385 1 1 0.192307692307692 0.538461538461538 1 1 0.115384615384615
1 0.5 0.75 1 1 1 1 1 1 1
0.962962962962963 0.111111111111111 0.925925925925926 1 0.851851851851852 0.592592592592593 0.851851851851852 0.814814814814815 1 0.296296296296296
0.375 0 0 0.5 0.375 0.25 0 0.25 0.25 0
0 0.0833333333333333 0 0 0 0 0 0.583333333333333 0 0
0.769230769230769 0.115384615384615 0.346153846153846 0.538461538461538 0.653846153846154 0.0769230769230769 0.230769230769231 0.769230769230769 0.846153846153846 0.0384615384615385
1 0.333333333333333 0.888888888888889 1 1 0 0.777777777777778 1 1 0
0.642857142857143 0.214285714285714 0 0.642857142857143 0.714285714285714 0 0.428571428571429 1 0.857142857142857 0.142857142857143
0.666666666666667 0.333333333333333 0 0.666666666666667 1 0 1 1 1 0
1 0.354838709677419 0.0645161290322581 0.838709677419355 1 0 0.451612903225806 0.870967741935484 1 0.354838709677419
0.5 1 0.833333333333333 0.5 1 0.5 1 1 1 0
1 0.25 0.75 1 1 0 1 1 1 0
1 0 0.333333333333333 0.333333333333333 0.666666666666667 0.333333333333333 0 1 0.666666666666667 0
0.0454545454545455 0 0 0 0 0.0454545454545455 0.0454545454545455 0.136363636363636 0.0909090909090909 0
0.944444444444444 0 0.666666666666667 0.888888888888889 0.888888888888889 0.277777777777778 0.5 0.944444444444444 0.888888888888889 0.222222222222222
1 0 0.111111111111111 1 1 0 1 1 1 0
0.740740740740741 0 0 0.296296296296296 0 0 0.111111111111111 0.222222222222222 0.666666666666667 0
1 0.384615384615385 0.384615384615385 0.769230769230769 1 0.153846153846154 0.384615384615385 0.846153846153846 1 0
0.5 0.5 0.5 0.75 0.5 0.5 0.75 0.75 0.75 0
1 0.666666666666667 0.833333333333333 1 1 0.5 1 1 1 0.333333333333333
1 0 1 1 0.666666666666667 0 0.333333333333333 1 1 0.666666666666667
0.866666666666667 0.2 0 0.266666666666667 0.6 0 1 0.733333333333333 1 0
1 0.125 0.4375 1 0.9375 0 0.75 1 1 0.0625
0.826086956521739 0 0 0.869565217391304 0.434782608695652 0 0.0869565217391304 0.434782608695652 0.782608695652174 0
0.517241379310345 0 0.448275862068966 0.586206896551724 0.551724137931034 0.137931034482759 0.275862068965517 0.793103448275862 0.758620689655172 0.0344827586206897
0.588235294117647 0 0.235294117647059 0.705882352941177 0.235294117647059 0 0.352941176470588 0.470588235294118 0.823529411764706 0
0.333333333333333 0 0.266666666666667 0.266666666666667 0.4 0.133333333333333 0.466666666666667 0.666666666666667 0.6 0.0666666666666667
0.923076923076923 0 0.423076923076923 1 0.846153846153846 0 0.307692307692308 1 1 0.115384615384615
0.272727272727273 0 0.0909090909090909 0.5 0.0909090909090909 0.136363636363636 0.363636363636364 0.5 0.636363636363636 0.0454545454545455
0.375 0 0.1875 0.375 0.25 0.1875 0.1875 0.625 0.4375 0.25
1 0 0.333333333333333 1 1 0 0 1 1 0
