0.655555555555556
0.675
0.35
0.3
0.41
0.44
0.53
0.816666666666667
0.575
0.675
0.675
0.535
0.456410256410256
0.466666666666667
0.655555555555556
0.505263157894737
0.686666666666667
0.611111111111111
0.514285714285714
0.616
0.536363636363636
0.584615384615385
0.51578947368421
0.52
0.564285714285714
0.51
0.691666666666667
0.4
0.44
0.485714285714286
0.566666666666667
0.585714285714286
0.711111111111111
0.69
0.725
0.644444444444444
0.4
0.55
0.545
0.48
0.561904761904762
0.741666666666667
0.673333333333333
0.4
0.535714285714286
0.323529411764706
0.8
0.607692307692308
0.52
0.477777777777778
0.411538461538462
0.481818181818182
0.453846153846154
0.5
0.284210526315789
0.5625
0.6
0.607142857142857
0.541666666666667
0.633333333333333
0.769230769230769
0.381818181818182
0.4875
0.469230769230769
0.46
0.38
0.65
0.525
0.0666666666666667
0.635714285714286
0.14
0.622222222222222
0.78
0.05
0.3
0.661538461538462
0.925
0.740740740740741
0.2
0.0666666666666667
0.438461538461538
0.7
0.464285714285714
0.566666666666667
0.593548387096774
0.733333333333333
0.7
0.433333333333333
0.0363636363636364
0.622222222222222
0.611111111111111
0.203703703703704
0.592307692307692
0.55
0.833333333333333
0.666666666666667
0.466666666666667
0.63125
0.343478260869565
0.410344827586207
0.341176470588235
0.32
0.561538461538462
0.263636363636364
0.2875
0.533333333333333
