0.299018760846193
0.312465566462929
0.133760894659097
0.127276827732674
0.171631864249922
0.175742940038289
0.222501990265741
0.431914359713755
0.248152701897513
0.312465566462929
0.312465566462929
0.225268910500422
0.18387424264263
0.189039733923547
0.299018760846193
0.209094217318832
0.320792927324799
0.270080143352018
0.213931682568064
0.273151762867144
0.226026964888125
0.253866048040851
0.214743737193051
0.217026471766227
0.241887018860777
0.211626483689476
0.324425120140856
0.156567334698251
0.175742940038289
0.198811290970803
0.243270439783538
0.254524595560379
0.338935839106408
0.323210054789299
0.349704276574306
0.291560953878259
0.156567334698251
0.233690567606447
0.230862831901882
0.195854848282188
0.24050862858732
0.363116277572313
0.311292297235662
0.156567334698251
0.225665801496879
0.130993338778388
0.415196452357427
0.267947421642964
0.217026471766227
0.194710970279761
0.162008987256812
0.196793174865707
0.182593038408437
0.2062994740159
0.10546960387394
0.240852757031084
0.263193700271923
0.267605819830271
0.22898916513621
0.284256943660353
0.386625146203479
0.148132448484807
0.199739668058422
0.190341438032919
0.185674715021528
0.14729810167184
0.295270126793511
0.219754624646058
0.0396462943576708
0.285809536510759
0.0621112723165482
0.33056704991783
0.396318926320231
0.0716822332774442
0.112095998257399
0.303101106891043
0.578283667349125
0.362356272409204
0.120634065568364
0.0396462943576708
0.174988816049521
0.33056704991783
0.18783473918529
0.243270439783538
0.25925348471248
0.356340410262914
0.33056704991783
0.172484973129199
0.0396462943576708
0.301242701044227
0.270080143352018
0.101649110428474
0.258500539982598
0.233690567606447
0.449678791850896
0.306638725649365
0.189039733923547
0.282903928991439
0.1308734096213
0.161442776940794
0.1503654011944
0.156567334698251
0.240297012145215
0.107887859554365
0.124344514487669
0.224344409516479
