0.666666666666667 0 0.222222222222222 0.777777777777778 0.666666666666667 0 0.777777777777778 0.333333333333333 1 0
1 0.25 0 1 1 0 0 0 0 0
0.0833333333333333 0 0 0.416666666666667 0.333333333333333 0 0.416666666666667 0 0.5 0
0.105263157894737 0 0.0526315789473684 0.105263157894737 0.526315789473684 0 0.263157894736842 0.105263157894737 0.631578947368421 0
0.7 0 0 0.55 0.7 0 0 0.25 0.85 0
0.4 0 0.2 0 0.2 0 0.3 0.8 1 0
0.4 0.2 0 0.8 0 0 0.2 0.6 0.8 0
1 0.666666666666667 0.5 0.333333333333333 0.166666666666667 0 0.333333333333333 0.333333333333333 0.166666666666667 0.166666666666667
0.5 0 0 0 0.125 0 0 0.125 0.25 0
1 0 0 0.25 0 0 0 0 0 0
1 0 0 0 0 0 0 0 0 0
0.6 0 0.25 0.5 0.6 0 0.05 0.45 0.35 0
0.692307692307692 0 0.0256410256410256 0.461538461538462 0.102564102564103 0 0 0.205128205128205 0.435897435897436 0
0.833333333333333 0 0.0555555555555556 0.444444444444444 0 0 0 0.777777777777778 0.666666666666667 0
0.888888888888889 0 0 0.555555555555556 0 0 0 0 0.333333333333333 0
0.842105263157895 0.0526315789473684 0.421052631578947 0.263157894736842 0 0 0 0.210526315789474 0.315789473684211 0
0.6 0.133333333333333 0.466666666666667 0.0666666666666667 0 0 0.133333333333333 0.0666666666666667 0 0
1 0 0.222222222222222 0.111111111111111 0 0 0 0.444444444444444 0.222222222222222 0
1 0 0 0.857142857142857 0 0 0 0 0.428571428571429 0
0.8 0.04 0.2 0.32 0.12 0.16 0.04 0.16 0.16 0
0.636363636363636 0 0.0909090909090909 0.363636363636364 0.181818181818182 0.181818181818182 0 0.636363636363636 0.363636363636364 0
0.307692307692308 0.230769230769231 0.153846153846154 0.692307692307692 0.230769230769231 0 0 0.153846153846154 0.461538461538462 0
0.631578947368421 0.210526315789474 0.105263157894737 0.315789473684211 0.105263157894737 0 0.105263157894737 0.263157894736842 0.157894736842105 0
0.2 0 0.4 1 0.6 0 0 0.2 0 0
0.928571428571429 0 0.428571428571429 0.571428571428571 0 0.428571428571429 0.0714285714285714 0.428571428571429 0.5 0.142857142857143
0.9 0 0 0.9 0 0 0 0.6 0 0
0 0.333333333333333 0.25 0.0833333333333333 0.25 0 0 0 0.583333333333333 0.166666666666667
0.137931034482759 0 0 0 0 0 0 0.241379310344828 0 0
0.7 0 0.15 0.8 0.05 0 0 0.75 0.5 0
0.285714285714286 0.0952380952380952 0 0.285714285714286 0.0952380952380952 0 0 0.0952380952380952 0.380952380952381 0.0476190476190476
1 0.5 0 0.833333333333333 0 0 0 0 0.833333333333333 0
0.428571428571429 0 0 0.428571428571429 0 0 0 0 0.285714285714286 0
0.555555555555556 0 0.444444444444444 0 0.444444444444444 0 0 0.444444444444444 0.222222222222222 0
0.2 0.4 0.6 0.4 0.4 0 0.4 0.2 0.8 0
0.2 0 0.1 0.8 0 0 0.4 0.7 0.35 0
0.666666666666667 0.111111111111111 0.111111111111111 0.222222222222222 0.111111111111111 0 0 0.111111111111111 0.222222222222222 0
0.363636363636364 0 0.272727272727273 0.636363636363636 0.181818181818182 0 0 0.545454545454545 0.454545454545455 0
1 0.75 0.25 1 0 0 0 0 1 0
0.35 0 0 0.5 0.2 0 0.05 0.3 0.45 0
0.133333333333333 0 0 0.2 0.266666666666667 0 0 0.533333333333333 0 0
0.523809523809524 0 0.0476190476190476 0.571428571428571 0 0 0.0476190476190476 0.571428571428571 0.428571428571429 0
0 0 0 0 0 0 0 0.333333333333333 0.666666666666667 0.666666666666667
0.733333333333333 0 0.666666666666667 0 0.266666666666667 0 0.533333333333333 0 0 0
0.142857142857143 0 0 0.142857142857143 0.142857142857143 0 0 0.285714285714286 0.142857142857143 0
0.571428571428571 0 0 0.0714285714285714 0 0 0 0 0 0
0.0588235294117647 0.0588235294117647 0.0588235294117647 0.205882352941176 0.147058823529412 0 0.0588235294117647 0.470588235294118 0.588235294117647 0
0.25 0.333333333333333 0.75 0.25 0 0 0.166666666666667 0.666666666666667 0.75 0
0.615384615384615 0 0.384615384615385 0.692307692307692 0.307692307692308 0 0 1 1 0
1 0 0.3 0.7 0.8 0 0.3 0.1 0.6 0
0.777777777777778 0.111111111111111 0 0.333333333333333 0.444444444444444 0 0.444444444444444 0.888888888888889 0.888888888888889 0
0.115384615384615 0 0 0.307692307692308 0.269230769230769 0 0 0.5 0.5 0
0.272727272727273 0 0.181818181818182 0.272727272727273 0.363636363636364 0 0 0.545454545454545 0.727272727272727 0
0 0 0 0.769230769230769 0.461538461538462 0 0 1 0.615384615384615 0
0.222222222222222 0 0 0.111111111111111 0.222222222222222 0 0.111111111111111 0.777777777777778 0 0
0.0526315789473684 0 0 0.0526315789473684 0 0 0 0 0 0
0.75 0 0.125 0.625 0 0 0 0.5 0.375 0
0.6 0 0.2 0.4 0.4 0 0 0 0 0
0.571428571428571 0.285714285714286 0.214285714285714 0.785714285714286 0.142857142857143 0 0.285714285714286 0.857142857142857 0.642857142857143 0
0.25 0.25 0.25 0.666666666666667 0.166666666666667 0 0 0.333333333333333 0.0833333333333333 0.166666666666667
0.666666666666667 0 0 0 0.333333333333333 0 0 0.333333333333333 0.666666666666667 0
0.538461538461538 0 0 0 0 0 0 0 0.307692307692308 0
0.272727272727273 0 0.0909090909090909 0.454545454545455 0.0909090909090909 0 0 0.0909090909090909 0.0909090909090909 0.181818181818182
0.5 0.0625 0.21875 0.53125 0.125 0 0.0625 0.40625 0.46875 0.25
0.307692307692308 0 0 0.153846153846154 0.0769230769230769 0 0 0.615384615384615 0.538461538461538 0
0.3 0 0.3 0.3 0 0 0 0.5 0.3 0
0.4 0 0 0.4 0.6 0 0.2 0.3 0.6 0
0.2 0.4 0.1 0.5 0.3 0 0 0.4 0.6 0
1 0 1 0.5 0.5 0 0.25 0.75 0.5 0
0.5 0 0 0 0 0 0 0 0 0
0.571428571428571 0 0.428571428571429 1 0.428571428571429 0 1 0.642857142857143 0.285714285714286 0
0.6 0 0 0 0 0 0 0.4 0.2 0
0.444444444444444 0.222222222222222 0.666666666666667 0.111111111111111 0.444444444444444 0 0.888888888888889 0.888888888888889 0 0
0 0.533333333333333 1 1 0.666666666666667 0 1 1 0 0
0 0 0 0 0 0 0 0 0 0
0.444444444444444 0 0 0.222222222222222 0.222222222222222 0 0 0.111111111111111 0.111111111111111 0
0.615384615384615 0 0 0.615384615384615 0.423076923076923 0 0.230769230769231 0.730769230769231 0.769230769230769 0
0 0.5 0.75 1 0 0 0 0 0 0
0.777777777777778 0.111111111111111 0.0740740740740741 0.62962962962963 0.407407407407407 0.148148148148148 0.37037037037037 0.518518518518518 0.148148148148148 0.222222222222222
0.375 0 0 0.5 0.125 0 0 0.25 0 0
0 0 0 0 0 0 0 0.416666666666667 0 0
0.269230769230769 0 0.307692307692308 0.461538461538462 0.538461538461538 0 0.192307692307692 0.307692307692308 0.653846153846154 0
0.333333333333333 0.333333333333333 0 1 0 0 0.111111111111111 0 0.666666666666667 0
0.428571428571429 0.214285714285714 0 0.642857142857143 0.714285714285714 0 0.428571428571429 0.714285714285714 0.5 0
0.666666666666667 0.333333333333333 0 0.666666666666667 0.333333333333333 0 0.333333333333333 1 0.666666666666667 0
0.451612903225806 0.0967741935483871 0.0645161290322581 0.709677419354839 1 0 0.387096774193548 0.516129032258065 0.516129032258065 0
0.5 0.5 0.833333333333333 0.5 0.333333333333333 0.5 0.5 1 0.5 0
1 0 0.5 1 1 0 1 0 0 0
0.333333333333333 0 0 0.333333333333333 0.333333333333333 0 0 0.666666666666667 0 0
0.0454545454545455 0 0 0 0 0 0 0.0909090909090909 0.0454545454545455 0
0.5 0 0.555555555555556 0.722222222222222 0.611111111111111 0 0.222222222222222 0.777777777777778 0.555555555555556 0
0.333333333333333 0 0.111111111111111 1 1 0 1 0.888888888888889 1 0
0.185185185185185 0 0 0.222222222222222 0 0 0.111111111111111 0.222222222222222 0.62962962962963 0
0.307692307692308 0.307692307692308 0.153846153846154 0.153846153846154 0.846153846153846 0 0 0.384615384615385 0.692307692307692 0
0 0 0 0.25 0 0 0.25 0.5 0.25 0
0.5 0 0 0 0.333333333333333 0 0.5 0.833333333333333 0.5 0
0.333333333333333 0 0.666666666666667 0.666666666666667 0 0 0.333333333333333 1 0 0
0.466666666666667 0.2 0 0 0 0 0.733333333333333 0.666666666666667 1 0
0.5625 0 0.4375 1 0.4375 0 0.3125 1 0.25 0
0.608695652173913 0 0 0.260869565217391 0.0434782608695652 0 0.0869565217391304 0.391304347826087 0.478260869565217 0
0.379310344827586 0 0.206896551724138 0.103448275862069 0.241379310344828 0.103448275862069 0.0689655172413793 0.413793103448276 0.620689655172414 0
0.352941176470588 0 0.176470588235294 0.0588235294117647 0.235294117647059 0 0.235294117647059 0.470588235294118 0.352941176470588 0
0.0666666666666667 0 0 0 0.266666666666667 0 0.266666666666667 0.333333333333333 0.333333333333333 0
0.769230769230769 0 0.192307692307692 0.615384615384615 0.576923076923077 0 0.307692307692308 0.576923076923077 0.615384615384615 0
0.272727272727273 0 0 0.181818181818182 0 0 0.227272727272727 0.227272727272727 0.181818181818182 0
0.25 0 0 0.125 0 0 0 0.1875 0.0625 0
0.333333333333333 0 0 0.666666666666667 0.666666666666667 0 0 0.666666666666667 1 0
