0 0.666666666666667 0.777777777777778 0 0 1 0 0 0 1
0 0.25 1 0 0 1 0 0 0 1
0.916666666666667 1 0.833333333333333 0.5 0.5 0.916666666666667 0.5 0.333333333333333 0 1
0.684210526315789 1 0.947368421052632 0.473684210526316 0.368421052631579 1 0.736842105263158 0.526315789473684 0.263157894736842 1
0.25 0.95 0.95 0.25 0.1 1 0.95 0.3 0.15 1
0.5 1 0.8 0.2 0.8 0.8 0.5 0 0 1
0.4 0.8 0.6 0 0.2 1 0.5 0.2 0 1
0 0.166666666666667 0 0.333333333333333 0 0.5 0 0 0.166666666666667 0.666666666666667
0.375 1 0.25 0.75 0.375 0 1 0 0 0.5
0 1 0 0 0.75 0.5 1 0 0 0
0 1 0 0 1 0.25 1 0 0 0
0 0.9 0.3 0.5 0.4 0.55 0.75 0.2 0.1 0.95
0.282051282051282 0.948717948717949 0.717948717948718 0.333333333333333 0.743589743589744 0.435897435897436 0.897435897435897 0.0256410256410256 0.230769230769231 0.82051282051282
0.166666666666667 1 0.833333333333333 0.111111111111111 0.888888888888889 0.444444444444444 1 0 0 0.888888888888889
0 0.777777777777778 0 0 0.888888888888889 0.555555555555556 0.888888888888889 0 0 0.333333333333333
0 0.947368421052632 0.315789473684211 0.578947368421053 0.842105263157895 0.263157894736842 0.947368421052632 0.421052631578947 0 0.631578947368421
0.4 0.6 0 0 0.733333333333333 0.2 0.466666666666667 0.4 0 0.333333333333333
0 1 0.111111111111111 0 1 0.111111111111111 1 0.222222222222222 0.222222222222222 0.222222222222222
0 1 0.571428571428571 0 1 0.857142857142857 1 0 0 0.428571428571429
0 0.92 0.36 0.16 0.76 0.4 0.88 0.16 0 0.2
0.272727272727273 0.909090909090909 0.272727272727273 0.272727272727273 0.545454545454545 0.363636363636364 0.909090909090909 0.272727272727273 0 0.818181818181818
0.0769230769230769 0.769230769230769 0.615384615384615 0 0.307692307692308 0.692307692307692 0.769230769230769 0.153846153846154 0 0.769230769230769
0.263157894736842 0.789473684210526 0.684210526315789 0.421052631578947 0.684210526315789 0.315789473684211 0.789473684210526 0.105263157894737 0.0526315789473684 0.736842105263158
0.8 1 0 0 0.4 1 1 0.4 0 0.2
0 0.857142857142857 0.0714285714285714 0.142857142857143 0.928571428571429 0.571428571428571 0.785714285714286 0.357142857142857 0.142857142857143 0.5
0 1 0.4 0 0.9 0.9 1 0 0 0.7
0 0.666666666666667 0 0.583333333333333 0.0833333333333333 0.0833333333333333 0.666666666666667 0.25 0.166666666666667 0.583333333333333
0.862068965517241 1 0.793103448275862 0.862068965517241 0.206896551724138 0 1 0 0.586206896551724 0.689655172413793
0.3 1 0.7 0 0.7 0.8 1 0.15 0 0.95
0.619047619047619 0.904761904761905 0.619047619047619 0.476190476190476 0.428571428571429 0.333333333333333 1 0 0.19047619047619 0.571428571428571
0 0.5 0.666666666666667 0 1 0.833333333333333 0.5 0 0 0.833333333333333
0.428571428571429 1 0.285714285714286 0.142857142857143 0.428571428571429 0.428571428571429 1 0.142857142857143 0 0.285714285714286
0 0.555555555555556 0.222222222222222 0.444444444444444 0.555555555555556 0 0.555555555555556 0.444444444444444 0 0.111111111111111
0 0.6 0 0 0.2 0.4 0.6 0.6 0 0.7
0 0.3 0.35 0 0.2 0.8 0.25 0.1 0 0.75
0 0.888888888888889 0 0.222222222222222 0.666666666666667 0.222222222222222 0.888888888888889 0.111111111111111 0 0.555555555555556
0.636363636363636 1 0.363636363636364 0.181818181818182 0.363636363636364 0.636363636363636 1 0.272727272727273 0.545454545454545 1
0 0.25 0.5 0 1 1 0.5 0.25 0 1
0.55 0.95 0.45 0.35 0.3 0.45 0.95 0 0.05 0.5
0.466666666666667 1 0.8 0.6 0.0666666666666667 0.2 1 0 0.266666666666667 0.8
0.380952380952381 0.80952380952381 0.285714285714286 0 0.523809523809524 0.571428571428571 0.761904761904762 0.0476190476190476 0.285714285714286 0.714285714285714
0.333333333333333 0.5 0.25 0.333333333333333 0.0833333333333333 0 0.416666666666667 0 0.333333333333333 0.333333333333333
0 0.533333333333333 0 0 0.733333333333333 0 0.466666666666667 0.666666666666667 0 0.866666666666667
0.714285714285714 1 0.857142857142857 0.857142857142857 0.428571428571429 0 1 0 0.285714285714286 0.857142857142857
0.428571428571429 1 0.428571428571429 0.571428571428571 0.714285714285714 0.0714285714285714 1 0 0.0714285714285714 0.357142857142857
0.882352941176471 0.941176470588235 0.823529411764706 0.323529411764706 0.735294117647059 0.941176470588235 0.823529411764706 0.235294117647059 0.176470588235294 0.882352941176471
0 0.5 0 0 0.25 0.75 0 0 0 0.5
0.384615384615385 0.769230769230769 0.230769230769231 0 0.153846153846154 0.846153846153846 0.538461538461538 0 0 1
0 1 0.7 0.3 0.2 1 0.6 0 0 1
0.111111111111111 0.888888888888889 1 0.666666666666667 0.111111111111111 0.888888888888889 0.555555555555556 0 0 1
0.153846153846154 0.615384615384615 0.576923076923077 0.153846153846154 0.653846153846154 1 0.884615384615385 0.5 0.384615384615385 0.961538461538462
0.0909090909090909 0.636363636363636 0.545454545454545 0.363636363636364 0.636363636363636 0.818181818181818 0.818181818181818 0.272727272727273 0 1
0.538461538461538 0.769230769230769 0.692307692307692 0 0.538461538461538 1 0.923076923076923 0 0 1
0.777777777777778 1 0.777777777777778 0.111111111111111 0.222222222222222 0 0.888888888888889 0 0.333333333333333 0.888888888888889
0.947368421052632 1 0.947368421052632 0.947368421052632 0.263157894736842 0.105263157894737 1 0 0.947368421052632 1
0.125 1 0.375 0 0.75 0.625 1 0 0 0.5
0.2 1 0.2 0 0.6 0.4 1 0.2 0 0.4
0 0.642857142857143 0.357142857142857 0 0.571428571428571 0.785714285714286 0.642857142857143 0.0714285714285714 0 0.857142857142857
0.333333333333333 0.75 0.583333333333333 0.333333333333333 0.333333333333333 0.666666666666667 0.75 0.25 0.166666666666667 0.416666666666667
0 1 0.333333333333333 0 0.666666666666667 0 1 0 0 0.666666666666667
0 0.692307692307692 0 0 0.461538461538462 0 0.692307692307692 0 0 0.461538461538462
0.636363636363636 1 0.818181818181818 0.454545454545455 0.454545454545455 0.454545454545455 1 0.0909090909090909 0.545454545454545 0.727272727272727
0.0625 0.9375 0.625 0.1875 0.53125 0.53125 0.9375 0.1875 0.4375 0.6875
0.615384615384615 1 0.846153846153846 0.538461538461538 0.384615384615385 0.153846153846154 1 0 0 0.769230769230769
0.4 1 0.3 0.4 0.3 0.8 1 0.4 0 0.8
0.5 1 1 0.2 0.3 0.9 0.8 0.1 0.4 1
0 0.6 0.3 0.4 0 0.8 0.5 0 0 0.9
0 1 0 0.5 0.5 1 0.75 0 0 1
0.5 1 1 1 1 1 1 0.916666666666667 0.916666666666667 1
0.142857142857143 1 0.571428571428571 0 0 0.928571428571429 0 0 0.214285714285714 0.785714285714286
0.4 1 1 1 1 1 1 0.4 0.8 1
0.111111111111111 0.777777777777778 0.333333333333333 0.111111111111111 0.111111111111111 1 0.111111111111111 0.111111111111111 0.111111111111111 1
0 0.466666666666667 0 0 0 0.733333333333333 0 0 0 1
1 1 1 1 1 1 1 0.75 0.75 1
0.444444444444444 1 1 0.444444444444444 0.555555555555556 1 1 0.666666666666667 0.111111111111111 0.777777777777778
0 0.615384615384615 0.615384615384615 0 0 0.807692307692308 0.461538461538462 0 0 0.884615384615385
0 0.5 0.25 0 0 0 0 0 0 0
0.037037037037037 0.888888888888889 0.0740740740740741 0 0.148148148148148 0.407407407407407 0.148148148148148 0.185185185185185 0 0.703703703703704
0.625 1 1 0.5 0.625 0.75 1 0.75 0.75 1
1 0.916666666666667 1 1 1 1 1 0.416666666666667 1 1
0.230769230769231 0.884615384615385 0.653846153846154 0.461538461538462 0.346153846153846 0.923076923076923 0.769230769230769 0.230769230769231 0.153846153846154 0.961538461538462
0 0.666666666666667 0.111111111111111 0 0 1 0.222222222222222 0 0 1
0.357142857142857 0.785714285714286 1 0.357142857142857 0.285714285714286 1 0.571428571428571 0 0.142857142857143 0.857142857142857
0.333333333333333 0.666666666666667 1 0.333333333333333 0 1 0 0 0 1
0 0.645161290322581 0.935483870967742 0.161290322580645 0 1 0.548387096774194 0.129032258064516 0 0.645161290322581
0.5 0 0.166666666666667 0.5 0 0.5 0 0 0 1
0 0.75 0.25 0 0 1 0 0 0 1
0 1 0.666666666666667 0.666666666666667 0.333333333333333 0.666666666666667 1 0 0.333333333333333 1
0.954545454545455 1 1 1 1 0.954545454545455 0.954545454545455 0.863636363636364 0.909090909090909 1
0.0555555555555556 1 0.333333333333333 0.111111111111111 0.111111111111111 0.722222222222222 0.5 0.0555555555555556 0.111111111111111 0.777777777777778
0 1 0.888888888888889 0 0 1 0 0 0 1
0.259259259259259 1 1 0.703703703703704 1 1 0.888888888888889 0.777777777777778 0.333333333333333 1
0 0.615384615384615 0.615384615384615 0.230769230769231 0 0.846153846153846 0.615384615384615 0.153846153846154 0 1
0.5 0.5 0.5 0.25 0.5 0.5 0.25 0.25 0.25 1
0 0.333333333333333 0.166666666666667 0 0 0.5 0 0 0 0.666666666666667
0 1 0 0 0.333333333333333 1 0.666666666666667 0 0 0.333333333333333
0.133333333333333 0.8 1 0.733333333333333 0.4 1 0 0.266666666666667 0 1
0 0.875 0.5625 0 0.0625 1 0.25 0 0 0.9375
0.173913043478261 1 1 0.130434782608696 0.565217391304348 1 0.91304347826087 0.565217391304348 0.217391304347826 1
0.482758620689655 1 0.551724137931034 0.413793103448276 0.448275862068966 0.862068965517241 0.724137931034483 0.206896551724138 0.241379310344828 0.96551724137931
0.411764705882353 1 0.764705882352941 0.294117647058824 0.764705882352941 1 0.647058823529412 0.529411764705882 0.176470588235294 1
0.666666666666667 1 0.733333333333333 0.733333333333333 0.6 0.866666666666667 0.533333333333333 0.333333333333333 0.4 0.933333333333333
0.0769230769230769 1 0.576923076923077 0 0.153846153846154 1 0.692307692307692 0 0 0.884615384615385
0.727272727272727 1 0.909090909090909 0.5 0.909090909090909 0.863636363636364 0.636363636363636 0.5 0.363636363636364 0.954545454545455
0.625 1 0.8125 0.625 0.75 0.8125 0.8125 0.375 0.5625 0.75
0 1 0.666666666666667 0 0 1 1 0 0 1
