0.333333333333333 0.333333333333333 0 0.222222222222222 0.333333333333333 0 0.222222222222222 0.666666666666667 0 0
0 0.5 0 0 0 0 1 1 1 0
0 0 0.166666666666667 0.0833333333333333 0.166666666666667 0.0833333333333333 0.0833333333333333 0.666666666666667 0.5 0
0.210526315789474 0 0 0.421052631578947 0.105263157894737 0 0 0.368421052631579 0.105263157894737 0
0.05 0.05 0.05 0.2 0.2 0 0.05 0.45 0 0
0.1 0 0 0.8 0 0.2 0.2 0.2 0 0
0.2 0 0.4 0.2 0.8 0 0.3 0.2 0.2 0
0 0.166666666666667 0.5 0.333333333333333 0.833333333333333 0.5 0.666666666666667 0.666666666666667 0.666666666666667 0.166666666666667
0.125 0 0.75 0.25 0.5 1 0 0.875 0.75 0.5
0 0 1 0.75 0.25 0.5 0 1 1 1
0 0 1 1 0 0.75 0 1 1 1
0.4 0.1 0.45 0 0 0.45 0.2 0.35 0.55 0.05
0.0256410256410256 0.0512820512820513 0.256410256410256 0.205128205128205 0.153846153846154 0.564102564102564 0.102564102564103 0.769230769230769 0.333333333333333 0.179487179487179
0 0 0.111111111111111 0.444444444444444 0.111111111111111 0.555555555555556 0 0.222222222222222 0.333333333333333 0.111111111111111
0.111111111111111 0.222222222222222 1 0.444444444444444 0.111111111111111 0.444444444444444 0.111111111111111 1 0.666666666666667 0.666666666666667
0.157894736842105 0 0.263157894736842 0.157894736842105 0.157894736842105 0.736842105263158 0.0526315789473684 0.368421052631579 0.684210526315789 0.368421052631579
0 0.266666666666667 0.533333333333333 0.933333333333333 0.266666666666667 0.8 0.4 0.533333333333333 1 0.666666666666667
0 0 0.666666666666667 0.888888888888889 0 0.888888888888889 0 0.333333333333333 0.555555555555556 0.777777777777778
0 0 0.428571428571429 0.142857142857143 0 0.142857142857143 0 1 0.571428571428571 0.571428571428571
0.2 0.04 0.44 0.52 0.12 0.44 0.08 0.68 0.84 0.8
0.0909090909090909 0.0909090909090909 0.636363636363636 0.363636363636364 0.272727272727273 0.454545454545455 0.0909090909090909 0.0909090909090909 0.636363636363636 0.181818181818182
0.615384615384615 0 0.230769230769231 0.307692307692308 0.461538461538462 0.307692307692308 0.230769230769231 0.692307692307692 0.538461538461538 0.230769230769231
0.105263157894737 0 0.210526315789474 0.263157894736842 0.210526315789474 0.684210526315789 0.105263157894737 0.631578947368421 0.789473684210526 0.263157894736842
0 0 0.6 0 0 0 0 0.4 1 0.8
0.0714285714285714 0.142857142857143 0.5 0.285714285714286 0.0714285714285714 0 0.142857142857143 0.214285714285714 0.357142857142857 0.357142857142857
0.1 0 0.6 0.1 0.1 0.1 0 0.4 1 0.3
1 0 0.75 0.333333333333333 0.666666666666667 0.916666666666667 0.333333333333333 0.75 0.25 0.25
0 0 0.206896551724138 0.137931034482759 0.793103448275862 1 0 0.758620689655172 0.413793103448276 0.310344827586207
0 0 0.15 0.2 0.25 0.2 0 0.1 0.5 0.05
0.0952380952380952 0 0.380952380952381 0.238095238095238 0.476190476190476 0.666666666666667 0 0.904761904761905 0.428571428571429 0.380952380952381
0 0 0.333333333333333 0.166666666666667 0 0.166666666666667 0.5 1 0.166666666666667 0.166666666666667
0.142857142857143 0 0.714285714285714 0.428571428571429 0.571428571428571 0.571428571428571 0 0.857142857142857 0.714285714285714 0.714285714285714
0.444444444444444 0.444444444444444 0.333333333333333 0.555555555555556 0 1 0.444444444444444 0.111111111111111 0.777777777777778 0.888888888888889
0.8 0 0.4 0.6 0.4 0.6 0 0.2 0.2 0.3
0.8 0.7 0.55 0.2 0.8 0.2 0.35 0.2 0.65 0.25
0.333333333333333 0 0.888888888888889 0.555555555555556 0.222222222222222 0.777777777777778 0.111111111111111 0.777777777777778 0.777777777777778 0.444444444444444
0 0 0.363636363636364 0.181818181818182 0.454545454545455 0.363636363636364 0 0.181818181818182 0 0
0 0 0.25 0 0 0 0.5 0.75 0 0
0.1 0.05 0.55 0.15 0.5 0.55 0 0.7 0.5 0.5
0.4 0 0.2 0.2 0.666666666666667 0.8 0 0.466666666666667 0.733333333333333 0.2
0.0952380952380952 0.19047619047619 0.666666666666667 0.428571428571429 0.476190476190476 0.428571428571429 0.19047619047619 0.380952380952381 0.285714285714286 0.285714285714286
0.666666666666667 0.5 0.75 0.666666666666667 0.916666666666667 1 0.583333333333333 0.666666666666667 0 0
0.266666666666667 0.466666666666667 0.333333333333333 1 0 1 0 0.333333333333333 1 0.133333333333333
0.142857142857143 0 0.142857142857143 0 0.428571428571429 1 0 0.714285714285714 0.571428571428571 0.142857142857143
0 0 0.571428571428571 0.357142857142857 0.285714285714286 0.928571428571429 0 1 0.928571428571429 0.642857142857143
0.0588235294117647 0 0.117647058823529 0.470588235294118 0.117647058823529 0.0588235294117647 0.117647058823529 0.294117647058824 0.235294117647059 0.117647058823529
0.75 0.166666666666667 0.25 0.75 0.75 0.25 0.833333333333333 0.333333333333333 0.25 0.5
0 0.230769230769231 0.384615384615385 0.307692307692308 0.538461538461538 0.153846153846154 0.461538461538462 0 0 0
0 0 0 0 0 0 0.1 0.9 0.4 0
0.111111111111111 0 0 0 0.444444444444444 0.111111111111111 0 0.111111111111111 0.111111111111111 0
0.730769230769231 0.384615384615385 0.423076923076923 0.538461538461538 0.0769230769230769 0 0.115384615384615 0 0.115384615384615 0.0384615384615385
0.636363636363636 0.363636363636364 0.272727272727273 0.363636363636364 0 0.181818181818182 0.181818181818182 0.181818181818182 0.272727272727273 0
0.461538461538462 0.230769230769231 0.307692307692308 0.230769230769231 0 0 0.0769230769230769 0 0.384615384615385 0
0 0 0.222222222222222 0.777777777777778 0.555555555555556 1 0 0.222222222222222 0.666666666666667 0.111111111111111
0 0 0.0526315789473684 0 0.736842105263158 0.894736842105263 0 1 0.0526315789473684 0
0.125 0 0.5 0.375 0.25 0.375 0 0.5 0.625 0.5
0.2 0 0.6 0.6 0 0.6 0 0.8 1 0.6
0.428571428571429 0.0714285714285714 0.428571428571429 0.214285714285714 0.285714285714286 0.214285714285714 0.0714285714285714 0.0714285714285714 0.357142857142857 0.142857142857143
0.416666666666667 0 0.166666666666667 0 0.5 0.333333333333333 0.25 0.416666666666667 0.75 0.416666666666667
0.333333333333333 0 0.666666666666667 1 0 1 0 0.666666666666667 0.333333333333333 0.333333333333333
0.461538461538462 0.307692307692308 1 1 0.538461538461538 1 0.307692307692308 1 0.692307692307692 0.538461538461538
0.0909090909090909 0 0.0909090909090909 0.0909090909090909 0.454545454545455 0.545454545454545 0 0.818181818181818 0.363636363636364 0.0909090909090909
0.4375 0 0.15625 0.28125 0.34375 0.46875 0 0.40625 0.09375 0.0625
0.0769230769230769 0 0.153846153846154 0.307692307692308 0.538461538461538 0.846153846153846 0 0.384615384615385 0.461538461538462 0.230769230769231
0.3 0 0.4 0.3 0.7 0.2 0 0.1 0.7 0.2
0.1 0 0 0.4 0.1 0.1 0 0.6 0 0
0.8 0 0.6 0.1 0.7 0.2 0.5 0.6 0.4 0.1
0 0 0 0 0 0 0 0.25 0.5 0
0 0 0 0 0 0 0 0.0833333333333333 0.0833333333333333 0
0.285714285714286 0 0 0 0.571428571428571 0.0714285714285714 0 0.357142857142857 0.5 0.214285714285714
0 0 0 0 0 0 0 0.2 0 0
0.444444444444444 0 0 0.777777777777778 0.444444444444444 0 0 0 0.888888888888889 0
1 0 0 0 0.333333333333333 0.266666666666667 0 0 1 0
0 0 0 0 0 0 0 0.25 0.25 0
0.111111111111111 0 0 0.333333333333333 0.222222222222222 0 0 0.222222222222222 0.777777777777778 0.222222222222222
0.384615384615385 0.384615384615385 0.384615384615385 0.384615384615385 0.576923076923077 0.192307692307692 0.307692307692308 0.269230769230769 0.230769230769231 0.115384615384615
1 0 0 0 1 1 1 1 1 1
0.185185185185185 0 0.851851851851852 0.37037037037037 0.444444444444444 0.444444444444444 0.481481481481481 0.296296296296296 0.851851851851852 0.0740740740740741
0 0 0 0 0.25 0.25 0 0 0.25 0
0 0.0833333333333333 0 0 0 0 0 0.166666666666667 0 0
0.5 0.115384615384615 0.0384615384615385 0.0769230769230769 0.115384615384615 0.0769230769230769 0.0384615384615385 0.461538461538462 0.192307692307692 0.0384615384615385
0.666666666666667 0 0.888888888888889 0 1 0 0.666666666666667 1 0.333333333333333 0
0.214285714285714 0 0 0 0 0 0 0.285714285714286 0.357142857142857 0.142857142857143
0 0 0 0 0.666666666666667 0 0.666666666666667 0 0.333333333333333 0
0.548387096774194 0.258064516129032 0 0.129032258064516 0 0 0.0645161290322581 0.354838709677419 0.483870967741935 0.354838709677419
0 0.5 0 0 0.666666666666667 0 0.5 0 0.5 0
0 0.25 0.25 0 0 0 0 1 1 0
0.666666666666667 0 0.333333333333333 0 0.333333333333333 0.333333333333333 0 0.333333333333333 0.666666666666667 0
0 0 0 0 0 0.0454545454545455 0.0454545454545455 0.0454545454545455 0.0454545454545455 0
0.444444444444444 0 0.111111111111111 0.166666666666667 0.277777777777778 0.277777777777778 0.277777777777778 0.166666666666667 0.333333333333333 0.222222222222222
0.666666666666667 0 0 0 0 0 0 0.111111111111111 0 0
0.555555555555556 0 0 0.0740740740740741 0 0 0 0 0.037037037037037 0
0.692307692307692 0.0769230769230769 0.230769230769231 0.615384615384615 0.153846153846154 0.153846153846154 0.384615384615385 0.461538461538462 0.307692307692308 0
0.5 0.5 0.5 0.5 0.5 0.5 0.5 0.25 0.5 0
0.5 0.666666666666667 0.833333333333333 1 0.666666666666667 0.5 0.5 0.166666666666667 0.5 0.333333333333333
0.666666666666667 0 0.333333333333333 0.333333333333333 0.666666666666667 0 0 0 1 0.666666666666667
0.4 0 0 0.266666666666667 0.6 0 0.266666666666667 0.0666666666666667 0 0
0.4375 0.125 0 0 0.5 0 0.4375 0 0.75 0.0625
0.217391304347826 0 0 0.608695652173913 0.391304347826087 0 0 0.0434782608695652 0.304347826086957 0
0.137931034482759 0 0.241379310344828 0.482758620689655 0.310344827586207 0.0344827586206897 0.206896551724138 0.379310344827586 0.137931034482759 0.0344827586206897
0.235294117647059 0 0.0588235294117647 0.647058823529412 0 0 0.117647058823529 0 0.470588235294118 0
0.266666666666667 0 0.266666666666667 0.266666666666667 0.133333333333333 0.133333333333333 0.2 0.333333333333333 0.266666666666667 0.0666666666666667
0.153846153846154 0 0.230769230769231 0.384615384615385 0.269230769230769 0 0 0.423076923076923 0.384615384615385 0.115384615384615
0 0 0.0909090909090909 0.318181818181818 0.0909090909090909 0.136363636363636 0.136363636363636 0.272727272727273 0.454545454545455 0.0454545454545455
0.125 0 0.1875 0.25 0.25 0.1875 0.1875 0.4375 0.375 0.25
0.666666666666667 0 0.333333333333333 0.333333333333333 0.333333333333333 0 0 0.333333333333333 0 0
